output
DIMENSIONS: 7
0.0684907 0.0683173 0.0682402 0.0682124 0.0682041 0.068242 0.0682717 
0.067452 0.0671584 0.066958 0.0667768 0.0665642 0.0662235 0.0656839 
0.0722717 0.0725465 0.0726959 0.0727905 0.072852 0.0729304 0.0730594 
0.0719666 0.0716504 0.0714893 0.0713959 0.0713595 0.0713568 0.0714108 
0.0744622 0.0744583 0.0744827 0.0745185 0.0745582 0.0746348 0.0747697 
0.0660699 0.0658052 0.0656008 0.0654654 0.0653909 0.0653646 0.0653229 
0.0736831 0.0741657 0.0743352 0.0743431 0.0742691 0.0740992 0.0738383 
0.0771784 0.0769233 0.0768525 0.0768478 0.0768212 0.0767496 0.076588 
0.0770828 0.0770411 0.0770657 0.0770728 0.0770434 0.0769496 0.0767167 
0.0658117 0.0656928 0.0656175 0.0656082 0.0656804 0.0658425 0.0661498 
0.0691583 0.0690236 0.0690129 0.069102 0.0692818 0.0695909 0.0701721 
0.0700088 0.0704332 0.0706438 0.0707642 0.0708752 0.0710007 0.0711254 
0.0727488 0.0726681 0.0726766 0.0727124 0.0727471 0.0728149 0.0730135 
0.0736152 0.0741163 0.074329 0.07439 0.0743531 0.0742006 0.0738778 
target
3 2 12 0 9 6
DIMENSIONS: 7
-2.6089 -1e+100 -1e+100 -1e+100 -1e+100 -1e+100 -1e+100 
-2.63155 -4.56297 -1e+100 -1e+100 -1e+100 -1e+100 -1e+100 
-1e+100 -5.23367 -1e+100 -1e+100 -1e+100 -1e+100 -1e+100 
-1e+100 -5.25508 -6.48538 -1e+100 -1e+100 -1e+100 -1e+100 
-1e+100 -1e+100 -7.85434 -1e+100 -1e+100 -1e+100 -1e+100 
-1e+100 -1e+100 -7.87682 -8.6991 -1e+100 -1e+100 -1e+100 
-1e+100 -1e+100 -1e+100 -10.4753 -1e+100 -1e+100 -1e+100 
-1e+100 -1e+100 -1e+100 -10.5619 -11.1033 -1e+100 -1e+100 
-1e+100 -1e+100 -1e+100 -1e+100 -13.1609 -1e+100 -1e+100 
-1e+100 -1e+100 -1e+100 -1e+100 -13.2849 -13.6082 -1e+100 
-1e+100 -1e+100 -1e+100 -1e+100 -1e+100 -15.8859 -1e+100 
-1e+100 -1e+100 -1e+100 -1e+100 -1e+100 -15.8873 -16.0277 
-1e+100 -1e+100 -1e+100 -1e+100 -1e+100 -1e+100 -18.4926 
DIMENSIONS: 7
-15.8903 -1e+100 -1e+100 -1e+100 -1e+100 -1e+100 -1e+100 
-13.3955 -13.2543 -1e+100 -1e+100 -1e+100 -1e+100 -1e+100 
-1e+100 -13.2543 -1e+100 -1e+100 -1e+100 -1e+100 -1e+100 
-1e+100 -10.9558 -10.6329 -1e+100 -1e+100 -1e+100 -1e+100 
-1e+100 -1e+100 -10.6329 -1e+100 -1e+100 -1e+100 -1e+100 
-1e+100 -1e+100 -8.56104 -8.01162 -1e+100 -1e+100 -1e+100 
-1e+100 -1e+100 -1e+100 -8.01162 -1e+100 -1e+100 -1e+100 
-1e+100 -1e+100 -1e+100 -6.17004 -5.32637 -1e+100 -1e+100 
-1e+100 -1e+100 -1e+100 -1e+100 -5.32637 -1e+100 -1e+100 
-1e+100 -1e+100 -1e+100 -1e+100 -3.8497 -2.60588 -1e+100 
-1e+100 -1e+100 -1e+100 -1e+100 -1e+100 -2.60588 -1e+100 
-1e+100 -1e+100 -1e+100 -1e+100 -1e+100 -1.91246 0 
-1e+100 -1e+100 -1e+100 -1e+100 -1e+100 -1e+100 0 
DIMENSIONS: 7
-0 -0 -0 -6.68062 -9.0399 -0 -0 
-0 -0 -0 -0 -0 -0 -0 
-0 -10.5774 -4.26011 -0 -0 -0 -0 
-12.8138 -2.14838 -0 -0 -0 -0 -0 
-0 -0 -0 -0 -0 -0 -0 
-0 -0 -0 -0 -0 -0 -0 
-0 -0 -0 -0 -0 -2.11426 -12.482 
-0 -0 -0 -0 -0 -0 -0 
-0 -0 -0 -0 -0 -0 -0 
-0 -0 -0 -0 -4.63865 -11.6174 -0 
-0 -0 -0 -0 -0 -0 -0 
-0 -0 -0 -0 -0 -0 -0 
-0 -0 -8.4144 -6.40188 -0 -0 -0 
-1.05736 -1.06203 -1.05985 -1.05932 -1.05945 -1.05685 -1.06058 

